8
43
66
10
93
27
73
74
65
24
27
20
82
67
65
17
57
20
11
41
95
5
28
29
97
21
52
42
19
77
67
50
84
52
36
74
69
99
51
48
24
98
62
21
19
42
8
13
52
52
35
52
39
56
80
56
3
81
23
64
69
29
28
38
7
5
57
100
89
70
37
89
92
2
79
40
62
69
35
84
26
18
21
98
78
92
4
35
56
0
27
6
52
24
52
52
3
58
66
85
92
28
76
56
57
37
86
99
63
84
38
56
72
63
92
79
83
76
21
89
44
98
82
37
55
1
48
84
91
74
57
11
56
43
21
49
5
46
33
1
40
90
0
0
31
40
46
79
9
37
90
36
93
81
52
6
25
60
38
85
29
81
13
15
8
55
85
8
40
29
26
20
51
8
84
39
1
16
50
86
9
24
100
67
52
43
71
52
16
52
87
14
69
28
90
5
42
92
15
58
44
49
89
91
78
73
76
56
87
45
96
16
57
19
36
56
73
87
89
91
32
13
2
15
13
52
73
26
99
16
87
81
24
17
79
68
26
55
76
30
17
50
75
32
98
9
50
39
39
57
21
54
11
20
36
48
42
49
87
66
57
82
0
15
29
96
59
22
43
52
59
88
78
46
31
25
80
66
19
37
3
80
91
44
94
43
96
53
48
74
32
17
66
95
27
21
97
13
93
89
21
77
5
20
75
100
60
10
7
47
89
18
62
26
6
26
50
12
50
50
24
29
67
5
69
84
10
5
74
32
34
90
77
76
18
67
79
37
64
92
22
10
3
67
93
40
1
33
33
16
18
58
95
67
78
29
64
34
26
16
27
58
30
49
75
69
7
29
94
54
52
10
82
47
98
12
57
48
75
88
46
76
82
89
30
23
34
47
20
0
95
9
67
78
76
29
47
21
7
89
93
8
1
44
82
8
10
5
27
16
67
60
88
23
12
82
90
37
71
89
27
42
9
30
93
28
5
1
46
34
15
51
64
48
54
31
19
51
32
17
49
21
59
44
9
7
23
52
89
74
93
86
60
82
1
29
70
80
5
33
21
63
56
17
96
49
35
13
72
13
79
63
28
56
99
61
6
25
49
83
88
88
3
33
76
97
19
1
21
52
46
5
16
58
76
74
78
88
93
9
7
12
83
55
41
54
47
86
32
73
48
19
13
3
63
73
35
25
38
45
59
57
48
53
1
33
49
13
32
40
68
13
13
67
20
77
66
44
55
3
34
29
26
11
96
25
69
5
41
4
94
53
21
58
67
30
19
57
27
79
63
97
90
13
55
47
53
83
49
22
62
87
17
58
95
63
35
68
59
21
17
32
41
23
54
60
5
0
62
71
99
31
41
12
90
44
57
49
1
22
85
58
18
96
36
39
40
17
97
18
46
64
95
51
41
94
4
27
52
57
71
32
80
44
3
73
48
52
13
92
40
92
27
17
38
11
3
23
37
58
24
12
69
10
33
60
63
12
46
18
39
54
66
80
28
24
88
95
60
99
16
39
18
8
29
18
71
84
32
11
66
48
82
48
75
84
72
53
22
18
22
52
33
85
94
27
89
52
77
41
26
76
12
52
8
11
99
3
2
16
97
58
70
78
23
18
28
85
91
76
41
56
24
97
43
59
3
80
48
51
89
71
80
60
92
59
77
87
81
44
77
60
21
3
33
55
78
65
35
56
10
14
27
13
86
83
63
31
49
76
37
85
74
6
17
79
84
57
76
16
78
67
49
53
96
29
82
2
73
65
4
61
7
6
86
86
6
46
27
32
14
56
33
73
44
30
76
10
1
32
70
53
76
3
57
62
10
33
9
98
72
37
24
97
66
77
51
60
100
86
0
38
64
56
11
34
31
6
23
4
90
13
81
22
8
72
21
71
23
39
34
20
42
74
70
27
40
97
49
31
65
58
91
63
18
20
1
61
61
23
76
30
10
38
57
47
40
72
69
78
43
25
73
42
45
4
34
46
51
74
76
37
88
92
83
72
56
47
82
3
59
66
40
47
51
59
71
97
81
14
84
23
49
78
44
28
54
69
83
53
8
59
10
21
57
20
3
20
39
56
93
99
83
11
86
3
54
61
40
62
14
77
83
47
25
71
94
70
96
35
33
73
55
84
46
23
19
54
6
26
66
78
78
6
69
48
31
55
77
13
74
56
67
73
9
65
25
73
53
40
15
24
63
83
31
25
50
87
49
64
84
53
41
76
46
84
19
22
70
17
72
44
44
39
84
60
63
69
58
75
10
76
69
75
38
77
78
85
46
0
43
98
4
30
83
83
67
76
1
8
6
34
93
34
81
71
46
62
48
60
6
47
15
86
42
22
72
48
47
5
27
62
50
21
75
93
47
74
79
34
75
2
29
73
30
45
93
81
3
23
44
98
61
14
8
77
88
4
0
95
55
4
83
60
9
77
25
46
75
55
34
62
53
48
0
50
66
66
18
72
35
85
10
83
85
68
70
15
94
0
92
64
44
35
62
92
35
78
24
58
74
80
62
85
74
73
76
78
55
87
89
44
32
87
7
54
2
88
100
7
76
87
76
100
86
75
57
99
1
21
10
74
14
96
59
40
8
68
49
33
36
98
32
47
12
91
46
23
13
2
19
4
94
13
100
36
93
32
10
31
77
25
61
57
59
8
3
100
89
77
16
58
58
11
91
52
53
38
63
22
29
69
99
32
91
23
8
3
66
86
49
31
62
96
72
56
9
73
96
10
64
19
72
80
42
14
65
52
51
22
19
87
38
72
9
52
62
77
50
64
66
46
43
51
71
13
75
92
86
16
22
66
74
36
26
58
63
35
91
91
7
91
25
55
92
61
1
40
48
11
6
67
6
38
90
85
21
51
71
79
26
72
47
0
59
59
46
57
53
49
29
6
41
72
88
100
20
100
6
91
45
25
51
40
75
16
22
38
66
7
95
59
14
55
26
5
85
6
28
42
38
97
93
14
21
29
90
78
72
49
65
53
52
88
22
94
73
97
44
8
29
76
99
76
25
47
46
75
1
2
87
3
91
37
91
1
26
34
83
11
73
71
76
84
37
66
40
58
93
20
85
2
91
33
66
57
8
20
92
72
15
25
73
0
18
16
95
52
31
71
15
90
16
55
81
28
24
90
27
40
4
41
86
72
77
52
48
33
83
77
33
27
100
76
22
36
64
69
44
0
21
60
84
99
80
80
59
30
15
30
68
12
83
31
11
76
84
39
26
82
66
12
42
54
18
71
15
51
41
43
60
3
17
12
100
70
58
87
60
59
28
6
92
15
46
23
78
70
28
4
99
89
22
15
34
95
85
69
77
49
93
44
94
43
48
6
99
66
31
89
53
69
65
25
72
1
29
67
14
18
18
44
89
40
42
79
26
85
38
10
92
41
68
12
100
49
26
87
57
78
48
96
6
81
1
30
63